9 26 3
0.092454335622489 0.012281651611432 0.037742569743254 0.032527854557889 0.11697489527826 0.021428774969367 0.035747869945573 0.042045422163964 0.075328413073832 0.00094035847604935 0.0035477160687317 0.044581540478158 0.026429772319266 0.08283703302653 0.069387057247884 0.020417177214829 0.0011683241672128 0.05486849229191 0.073746901091386 0.080101444732568 0.035990083492434 0.0085914569857236 0.012039438064571 0.0027925797167526 0.015387684153535 0.00064115350639729
1 0 0
0.092000363757616 0.012822455970172 0.035072296826215 0.035890751462609 0.1187062354118 0.024493012822456 0.017520991845767 0.037406408196672 0.073236533389918 0.00078814150171269 0.0037891418351572 0.042377762284398 0.025099275516081 0.06799236109006 0.075964715511231 0.021855770105187 0.0021825456970505 0.073751856679499 0.069508017824123 0.090575646427597 0.028676225408469 0.0099730213101337 0.020309800236442 0.0032435054108945 0.015823456303616 0.00093970717511898
1 0 0
0.070887818306951 0.01200963523744 0.032484514796972 0.051410874053682 0.11493461803166 0.021885753613214 0.016724019270475 0.026944253269098 0.078836889194769 0.00082587749483827 0.0046455609084652 0.037130075705437 0.028974535443909 0.075739848589126 0.081830695113558 0.026806607019959 0.00051617343427392 0.063214039917412 0.082346868547832 0.076496902959394 0.025120440467997 0.01200963523744 0.041293874741913 0.0046799724707502 0.012044046799725 0.00020646937370957
1 0 0
0.17948991001544 0.025770725733454 0.0052712848091156 0.042170278472925 0.083169160321602 0.0064426814333635 0.035408125232948 0.02028645971993 0.089611841754965 0.0054842660135243 0.044140354613705 0.039348277514509 0.044087109312603 0.09339225813322 0.027208348863213 0.025078536819126 0.00021298120440871 0.060752888557585 0.045897449550077 0.058516585911293 0.049092167616208 0.0010116607209414 0.0027155103562111 0.00021298120440871 0.013577551781055 0.0016506043341675
0 0 1
0.20603672732783 0.035115513369794 0.0061855102012702 0.040598437779829 0.075383322541983 0.00596509112951 0.034412927578559 0.026216093347477 0.077615065643555 0.0058548815936299 0.043725633360427 0.032387827356762 0.040267809172189 0.090537133725496 0.021366873768753 0.024728264613096 0.00013776191985012 0.051908691399523 0.059416716031355 0.054539944068661 0.050544848393007 0.0014878287343812 0.0028241193569274 0.00024797145573021 0.012274587058645 0.00022041907176018
0 0 1
0.1182100981096 0.027997128499641 0.0067001675041876 0.054319215123235 0.081359176836564 0.0076573342905001 0.027757836803063 0.014357501794688 0.098588178990189 0.0047858339315626 0.025364919837282 0.030390045465422 0.039004546542235 0.088059344340751 0.050969131371141 0.023929169657813 0 0.067480258435032 0.080880593443408 0.044986838956688 0.036611629576454 0.016032543670735 0.042833213687485 0.0026322086623594 0.0090930844699689 0
0 0 1
0.18834080717489 0.031390134529148 0.0094668659691081 0.015445939212755 0.037867463876432 0.0079720976581963 0.094668659691081 0.028400597907324 0.09666168410563 0.00049825610363727 0.031390134529148 0.045341305430992 0.036372695565521 0.12954658694569 0.048829098156452 0.019930244145491 0 0.026407573492775 0.034379671150972 0.046836073741903 0.040857000498256 0.0039860488290982 0.0084703537618336 0 0.016940707523667 0
0 1 0
0.25216172002804 0.016358962374387 0.00023369946249124 0.012619770974527 0.0098153774246319 0.00046739892498247 0.11053984575835 0.012152372049544 0.086235101659266 0 0.041131105398458 0.044402897873335 0.043000701098387 0.12549661135779 0.037158214536107 0.037625613461089 0 0.019397055386773 0.04159850432344 0.044402897873335 0.027342837111475 0 0.019163355924281 0 0.018695956999299 0
0 1 0
0.20938031835019 0.020172189408349 0.0081589748723596 0.023976374011413 0.018920812894184 0.0058564420862949 0.095555110621684 0.013715086595255 0.081940134147562 0.00010011012113325 0.026078686555211 0.034638101912103 0.039093002302533 0.13314646110722 0.054910401441586 0.031234357793573 5.0055060566623E-5 0.029282210431475 0.051857042747022 0.049454399839824 0.024677144859345 0.0024526979677645 0.025377915707278 0.0021523676043648 0.017769546501151 5.0055060566623E-5
0 1 0
