80 64 2
0.027425130208333 0.08837890625 0 0 0.0019124348958333 0.041361490885417 0.01141357421875 0 0 0 0 0 0 0 0 0 0.0024820963541667 0.00010172526041667 0 0 0.019551595052083 0.05072021484375 0.017008463541667 0 4.0690104166667E-5 0.0012410481770833 0.012613932291667 0.00089518229166667 0 0 0 0 8.1380208333333E-5 0 0 0 0.0063680013020833 0.07159423828125 0 0 2.0345052083333E-5 0.290771484375 0.20839436848958 0.0038655598958333 0 0 0.0020548502604167 0.0041097005208333 0 0 0 0 0.01513671875 0.000244140625 0 0 0.0013631184895833 0.0041707356770833 0.04888916015625 0 0 0 0.02984619140625 0.037943522135417
0 1
0.00020345052083333 0 0 0 0.00034586588541667 0 0 0 0 0 0 0 0 0 0 0 0.0003662109375 0 0 0 0.029276529947917 8.1380208333333E-5 0 0 0.0032958984375 0.00079345703125 0 0 0 0 0 0 0 0 0 0 0.030171712239583 0.00020345052083333 0 0 0.09515380859375 0.19807942708333 0.057637532552083 0 0 0.00286865234375 0.00372314453125 0 0 0 0 0 0 0 0 0 0.0034383138020833 0.087443033854167 0.04425048828125 0 2.0345052083333E-5 0.030537923177083 0.4002685546875 0.0118408203125
0 1
0.37062581380208 0.0010986328125 0 0 0.03778076171875 0.00022379557291667 0 0 0 0 0 0 0 0 0 0 0.099568684895833 0.0011393229166667 0 0 0.073160807291667 0.062052408854167 0.00065104166666667 0 0.00020345052083333 0.00897216796875 0.00115966796875 0 0 0 0 0 0 0 0 0 0.00077311197916667 0.010884602864583 0.00056966145833333 0 2.0345052083333E-5 0.051127115885417 0.10788981119792 0.048583984375 0 0.0001220703125 0.000732421875 0.0099283854166667 0 0 0 0 0 0 0 0 0 0 0.027750651041667 0.0046183268229167 0 0 0.0051066080729167 0.07525634765625
0 1
0.38694254557292 0.00604248046875 0 0 0.012959798177083 0.0128173828125 0 0 0 0 0 0 0 0 0 0 0.022684733072917 0.00054931640625 0 0 0.074361165364583 0.073750813802083 0.0035196940104167 0 0 0.0040690104166667 0.0056355794270833 0 0 0 0 0 0 0 0 0 0.011494954427083 0.03363037109375 0.00014241536458333 0 0 0.054606119791667 0.12318929036458 0.011983235677083 0 0 0.00028483072916667 0.0069376627604167 0 0 0 0 0.0084228515625 0.000244140625 0 0 0.00087483723958333 0.0054117838541667 0.019877115885417 0.00022379557291667 0 0.0022379557291667 0.017435709635417 0.09967041015625
0 1
0.4664306640625 0.0049031575520833 4.0690104166667E-5 0 0.0039876302083333 0.000732421875 0.00052897135416667 0 0 0 0 0 0 0 0 0 0.0247802734375 0.00038655598958333 0 0 0.01953125 0.0301513671875 0.0051472981770833 0.00020345052083333 2.0345052083333E-5 0.00030517578125 0.000732421875 0.000244140625 0 0 0 0 0 0 0 0 0.0084228515625 0.032063802083333 0.00091552734375 0 0.0030517578125 0.18328857421875 0.20212809244792 0.004150390625 0 0 0 0.0013631184895833 0 0 0 0 0 0 0 0 0 0 0.0012003580729167 0.00014241536458333 0 0 0.000244140625 0.0049031575520833
0 1
0.11739095052083 0.0054728190104167 0 0 0.00042724609375 0.0018513997395833 0.00010172526041667 0 0 0 0 0 0 0 0 0 0.0478515625 0.00164794921875 0 0 0.034525553385417 0.056803385416667 0.056722005208333 0 0.0067545572916667 0.00010172526041667 0.00372314453125 0 0 0 0 0 0.001953125 0 0 0 0.10764567057292 0.06158447265625 0.00299072265625 0 0.021830240885417 0.06146240234375 0.11429850260417 0.0071614583333333 0 0.0014241536458333 6.103515625E-5 8.1380208333333E-5 0 0 0 0 0.0076497395833333 0.015869140625 0 0 0.0087687174479167 0.15700276692708 0.02587890625 0.00152587890625 0 0.00738525390625 0.021280924479167 0.040771484375
0 1
0.19777425130208 0.00022379557291667 0 0 0.00042724609375 0.00016276041666667 0 0 0 0 0 0 0 0 0 0 0.057169596354167 0.00071207682291667 0 0 0.12082926432292 0.24723307291667 0.00408935546875 0 0 8.1380208333333E-5 0.00014241536458333 0 0 0 0 0 0.009521484375 0 0 0 0.00225830078125 0.076904296875 0.0069783528645833 0 4.0690104166667E-5 0.059163411458333 0.13405354817708 0.030558268229167 0 0 0 0.00028483072916667 0 0 0 0 4.0690104166667E-5 6.103515625E-5 0.00020345052083333 0 0 0.0089111328125 0.010213216145833 0.0023193359375 0 0 0.0038859049479167 0.0257568359375
0 1
0.10052490234375 0.00726318359375 0.00069173177083333 0 0.066935221354167 0.025614420572917 0.00016276041666667 0 0.0128173828125 0.00927734375 0.0021565755208333 0.00026448567708333 0 0 0 0.00020345052083333 0.0054728190104167 0.00010172526041667 0 0 0.020222981770833 0.048360188802083 0.0040079752604167 0 0.0066324869791667 0.0433349609375 0.014933268229167 0.00034586588541667 0.00016276041666667 0.00018310546875 4.0690104166667E-5 0.00099690755208333 0.0012613932291667 0 0 0 0.013203938802083 0.011372884114583 6.103515625E-5 0 0.012715657552083 0.13702392578125 0.10176595052083 0.01318359375 0.00010172526041667 0.0044148763020833 0.0181884765625 0.012898763020833 0.0034993489583333 0.00014241536458333 0 0 0.0038655598958333 0.0013427734375 4.0690104166667E-5 0 0.010498046875 0.03729248046875 0.02740478515625 8.1380208333333E-5 0.0068766276041667 0.00592041015625 0.054890950520833 0.1512451171875
0 1
0.29353841145833 0.0177001953125 0 0 0.0042724609375 0.0043131510416667 0 0 0 0 0 0 0 0 0 0 0.020426432291667 0.0001220703125 0 0 0.019368489583333 0.15006510416667 0.0039876302083333 0 0 0.00146484375 0.0018107096354167 0 0 0 0 0 0.00075276692708333 0 0 0 0.018758138020833 0.0107421875 0 0 0.0055135091145833 0.041524251302083 0.025614420572917 0.0053507486979167 0 0 0.00014241536458333 0.00640869140625 0 0 0 0 0 0.00042724609375 0 0 0.00077311197916667 0.16097005208333 0.03900146484375 2.0345052083333E-5 0 0.020182291666667 0.095804850260417 0.050944010416667
0 1
0.3671875 0.00077311197916667 0 0 0.00384521484375 0.0019734700520833 0 0 0 0 0 0 0 0 0 0 0.0850830078125 0.0038045247395833 0 0 0.046630859375 0.05364990234375 0.00038655598958333 0 0.00020345052083333 0.0010579427083333 0.00048828125 0 0 0 0 0 0.0085652669270833 0 0 0 0.049031575520833 0.040120442708333 0.00087483723958333 0 0.0066731770833333 0.02734375 0.032206217447917 0 0 0 0.000244140625 6.103515625E-5 0.0049845377604167 0 0 0 0.017578125 0.0001220703125 0 0 0.031778971354167 0.021809895833333 0.032470703125 0.000732421875 0.0016072591145833 0.010172526041667 0.037272135416667 0.11126708984375
0 1
0.14186604817708 0.000244140625 0 0 0.013102213541667 0.00018310546875 0 0 0 0 0 0 0 0 0 0 0.02545166015625 0.000244140625 0 0 0.053934733072917 0.017476399739583 0.00044759114583333 0 0.00982666015625 0.00341796875 8.1380208333333E-5 0 0 0 0 0 0.015848795572917 0.00040690104166667 0 0 0.028706868489583 0.11456298828125 6.103515625E-5 0 0.019490559895833 0.19289143880208 0.10795084635417 0.000732421875 0 0.00034586588541667 0.0026652018229167 0.00347900390625 0.00396728515625 2.0345052083333E-5 0 0 0.00014241536458333 0.00026448567708333 0 0 0.00010172526041667 0.010233561197917 0.026529947916667 0.00018310546875 0 0.00128173828125 0.045756022135417 0.15810139973958
0 1
0.14068603515625 0.00034586588541667 0 0 0.0003662109375 0.0012410481770833 0 0 0 0 0 0 0 0 0 0 0.07952880859375 0.0001220703125 0 0 0.00762939453125 0.012939453125 0.00059000651041667 0 0 0.00016276041666667 0.00018310546875 0 0 0 0 0 0.0057576497395833 0 0 0 0.085978190104167 0.036519368489583 0.00034586588541667 0 0.0347900390625 0.10931396484375 0.020731608072917 0.00077311197916667 0 0 4.0690104166667E-5 0.00016276041666667 2.0345052083333E-5 0 0 0 0.0086466471354167 0.0038045247395833 4.0690104166667E-5 0 0.027119954427083 0.16595458984375 0.10996500651042 0.00146484375 8.1380208333333E-5 0.0015665690104167 0.023783365885417 0.11934407552083
0 1
0.26670328776042 0.015889485677083 0 0 0.04681396484375 0.018941243489583 0.00010172526041667 0 0 0 0 0 0 0 0 0 0.016194661458333 0.00046793619791667 0 0 0.064168294270833 0.084920247395833 0.0043741861979167 0 2.0345052083333E-5 0.018819173177083 0.0177001953125 0 0 0 0 0 0.01092529296875 0.00022379557291667 0 0 0.0540771484375 0.084248860677083 0.0028076171875 0 6.103515625E-5 0.058247884114583 0.17403157552083 0.00714111328125 0 0 0.000732421875 0.010904947916667 0 0 0 0 0 0.00010172526041667 2.0345052083333E-5 0 0 0.0001220703125 0.01263427734375 0.00213623046875 0 0 0.00384521484375 0.022623697916667
0 1
0.18259684244792 0 0 0 0 0 0 0 0 0 0 0 0 0 0 0 0.046468098958333 0 0 0 0.021728515625 0.057576497395833 0 0 0.0011393229166667 0.005126953125 0 0 0 0 0 0 0.00038655598958333 2.0345052083333E-5 0 0 0.0047200520833333 0.02349853515625 0 0 0.00022379557291667 0.079935709635417 0.063802083333333 0 0 0.0040486653645833 0.0059814453125 0 0 0 0 0 0 0.0016072591145833 0 0 0 0.13330078125 0.060811360677083 0 0 0.040669759114583 0.14811197916667 0.11824544270833
0 1
0.030782063802083 0 0 0 0.0011800130208333 0 0 0 0 0 0 0 0 0 0 0 0.0416259765625 0 0 0 0.140380859375 0.01141357421875 0.00032552083333333 0 0 0.00244140625 0.0052490234375 0.00384521484375 0 0 0 0.00022379557291667 0.0091756184895833 0 0 0 0.36539713541667 0.017537434895833 0 0 0.067138671875 0.14345296223958 0.0093180338541667 0.0024210611979167 0 2.0345052083333E-5 0.00056966145833333 0.005859375 0 0 0 0 0.0006103515625 0.0006103515625 0 0 0.0030517578125 0.05926513671875 0.0150146484375 0 0.00014241536458333 0.01025390625 0.034403483072917 0.018290201822917
0 1
0.12563069661458 0 0 0 0.0058797200520833 0 0 0 0 0 0 0 0 0 0 0 0.14255777994792 0.00018310546875 0 0 0.22342936197917 0.12351481119792 0.000732421875 0 0.00052897135416667 0.00537109375 0.0040690104166667 0 0 0 0 0 0.0064493815104167 0.00225830078125 0 0 0.017903645833333 0.054667154947917 0.00016276041666667 0 2.0345052083333E-5 0.0235595703125 0.14640299479167 0.0030924479166667 0 0 0.0008544921875 0.012125651041667 0 0 0 0 0 0 0 0 0 2.0345052083333E-5 0.00022379557291667 0 0 0 0.00052897135416667 0.099833170572917
0 1
0.0311279296875 0 0 0 0 0 0 0 0 0 0 0 0 0 0 0 0.02154541015625 0 0 0 0.002197265625 4.0690104166667E-5 0 0 0 0 0 0 0 0 0 0 0.0032958984375 0 0 0 0.16105143229167 0.015279134114583 0 0 0.041280110677083 0.060099283854167 0.049702962239583 0 0 0 0.012939453125 0 0 0 0 0 0.0692138671875 0.00020345052083333 0 0 0.47548421223958 0.022298177083333 0.012105305989583 0 0.00083414713541667 0.00457763671875 0.0146484375 0.0020751953125
0 1
0.51853434244792 0.00089518229166667 0 0 0 2.0345052083333E-5 0 0 0 0 0 0 0 0 0 0 0.12327067057292 0.0074462890625 0 0 0.018819173177083 0.095316569010417 0.00335693359375 0 0.00018310546875 6.103515625E-5 0.00069173177083333 0 0 0 0 0 0 0 0 0 0.0012410481770833 0.014139811197917 0.00032552083333333 0 0.00093587239583333 0.039408365885417 0.0697021484375 0.0093180338541667 0 0 0.00018310546875 0.0069986979166667 0 0 0 0 0.0015869140625 8.1380208333333E-5 0 0 0.002197265625 0.00494384765625 0.017333984375 0.0010986328125 0 0 0.0074055989583333 0.05450439453125
0 1
0.22519938151042 0.0061238606770833 0 0 0.0067545572916667 0.0011800130208333 4.0690104166667E-5 0 0 0 0 0 0 0 0 0 0.042826334635417 0.00087483723958333 0 0 0.048116048177083 0.20595296223958 0.00421142578125 0 0.00048828125 0.0012003580729167 0.0013224283854167 0.00016276041666667 0 0 0 0 0.0006103515625 0 0 0 0.02392578125 0.10713704427083 0.00177001953125 0 0.00052897135416667 0.060221354166667 0.04620361328125 0.0021769205729167 0 0 2.0345052083333E-5 0.00042724609375 0.00020345052083333 0 0 0 0.0050862630208333 0.0019734700520833 0 0 0.0012003580729167 0.076985677083333 0.047526041666667 2.0345052083333E-5 0 0.00063069661458333 0.048258463541667 0.0306396484375
0 1
0.4354248046875 0.033060709635417 0 0 0.0040283203125 0.01220703125 0.000244140625 0 0.00018310546875 0 0 0 0 0 0 0 0.01470947265625 0.010721842447917 0 0 0.00360107421875 0.064412434895833 0.019063313802083 0.00034586588541667 0.0103759765625 0.0179443359375 0.0063273111979167 0.00063069661458333 0.0017903645833333 0.0031331380208333 0.00030517578125 0 6.103515625E-5 6.103515625E-5 0 0 0.00026448567708333 0.022684733072917 0.0047200520833333 0 8.1380208333333E-5 0.045756022135417 0.081685384114583 0.0093587239583333 0.00048828125 0.012125651041667 0.020304361979167 0.00750732421875 0 0 0 0 0 0 0 0 0 0.00439453125 0.020975748697917 0.0074666341145833 0 0.00044759114583333 0.0164794921875 0.10662841796875
0 1
0.18540445963542 2.0345052083333E-5 0 0 0.0084635416666667 0.00018310546875 0 0 0 0 0 0 0 0 0 0 0.00433349609375 0 0 0 0.1409912109375 0.0140380859375 0.0048014322916667 0 0.0041097005208333 0.0055745442708333 0.00048828125 0 0 0 0 0 0 0 0 0 0.083414713541667 0.030069986979167 0.00077311197916667 0 0.038309733072917 0.14994303385417 0.088887532552083 0.0071614583333333 0 0.00016276041666667 0.0092366536458333 0.00201416015625 0 0 0 0 0.00040690104166667 0.00022379557291667 2.0345052083333E-5 0 0.0077718098958333 0.0034383138020833 0.02166748046875 0.0012613932291667 0.0037841796875 0.011494954427083 0.027018229166667 0.14453125
0 1
0.3599853515625 0 0 0 0.00872802734375 8.1380208333333E-5 0 0 0 0 0 0 0 0 0 0 0.02862548828125 4.0690104166667E-5 0 0 0.10369873046875 0.030741373697917 0 0 0.0021565755208333 0.0021769205729167 0 0 0 0 0 0 0 0 0 0 0.00714111328125 0.073099772135417 0 0 0.00016276041666667 0.12406412760417 0.020263671875 0 0 0 2.0345052083333E-5 0 0 0 0 0 0 0.0035196940104167 0.011454264322917 0 0 0.023152669270833 0.044514973958333 0.00010172526041667 0 0.0033772786458333 0.057271321614583 0.095621744791667
0 1
0.11238606770833 0.00065104166666667 0 0 0.0013427734375 0.00071207682291667 0 0 0 0 0 0 0 0 0 0 0.03033447265625 0.00244140625 0 0 0.0075276692708333 0.1917724609375 0.013753255208333 0 0 0.00014241536458333 0.00059000651041667 0 0 0 0 0 0 0 0 0 0.00081380208333333 0.34641520182292 0.03265380859375 0 0 0.049051920572917 0.20664469401042 0.00201416015625 0 0 0 2.0345052083333E-5 0 0 0 0 0 0 0 0 0 0 2.0345052083333E-5 6.103515625E-5 0 0 0 0.00065104166666667
0 1
0.23781331380208 2.0345052083333E-5 0 0 0.00604248046875 8.1380208333333E-5 0 0 0 0 0 0 0 0 0 0 0.065511067708333 8.1380208333333E-5 0 0 0.14154052734375 0.04449462890625 6.103515625E-5 0 0.0023193359375 0.00075276692708333 0.000244140625 0 0 0 0 0 0.0016072591145833 0 0 0 0.12638346354167 0.025919596354167 0.00048828125 0 0.0426025390625 0.07598876953125 0.0457763671875 4.0690104166667E-5 0 6.103515625E-5 0.0014444986979167 0 0 0 0 0 0.00091552734375 0 0 0 0.01275634765625 0.0172119140625 0.015177408854167 0.00056966145833333 0.0011189778645833 0.0064900716145833 0.027262369791667 0.099222819010417
0 1
0.18882242838542 0 0 0 0.00032552083333333 0 0 0 0 0 0 0 0 0 0 0 0.03057861328125 2.0345052083333E-5 0 0 0.088643391927083 0.0055135091145833 0 0 0 0.00048828125 0 0 0 0 0 0 0.0033365885416667 0 0 0 0.13865152994792 0.12790934244792 0 0 0 0.25809733072917 0.031229654947917 0 0 0 0.00075276692708333 0 0 0 0 0 0 0 0 0 0 0.020731608072917 0.043212890625 0 0 0 0.035054524739583 0.026631673177083
0 1
0.34352620442708 0.00152587890625 0 0 0 0.00016276041666667 0 0 0 0 0 0 0 0 0 0 0.099080403645833 0.0030314127604167 0 0 0.03350830078125 0.11533610026042 0.00274658203125 0 4.0690104166667E-5 2.0345052083333E-5 0.00056966145833333 0 0 0 0 0 8.1380208333333E-5 2.0345052083333E-5 0 0 0.00592041015625 0.041178385416667 0.0031534830729167 0 0.0009765625 0.062398274739583 0.086710611979167 0.003173828125 0 0 0.00032552083333333 0.000732421875 0 0 0 0 0.0017903645833333 0.000732421875 0 0 0.0017903645833333 0.005615234375 0.038431803385417 0.0018513997395833 0 0 0.01519775390625 0.13037109375
0 1
0.29388427734375 0.0052490234375 0 0 0.0006103515625 0.0045166015625 2.0345052083333E-5 0 0 0 0 0 0 0 0 0 0.062093098958333 0.0001220703125 0 0 0.08648681640625 0.0523681640625 0.0016072591145833 0 0.0030314127604167 0.03936767578125 0.0072224934895833 2.0345052083333E-5 0 0 0 0 0 0 0 0 0.016682942708333 0.00775146484375 6.103515625E-5 0 0.0099894205729167 0.08050537109375 0.08966064453125 0.0036824544270833 0 0.0039265950520833 0.079264322916667 0.02947998046875 0 0 0 0 0 0 0 0 0.025044759114583 0.0051472981770833 0.00022379557291667 0 4.0690104166667E-5 0.00089518229166667 0.01983642578125 0.071207682291667
0 1
0.36594645182292 0.00128173828125 0 0 0 0.00028483072916667 0 0 0 0 0 0 0 0 0 0 0.14060465494792 0.0015665690104167 0 0 0.030659993489583 0.10890706380208 0.00103759765625 0 2.0345052083333E-5 0.00010172526041667 6.103515625E-5 0 0 0 0 0 0.0011393229166667 0 0 0 0.0064697265625 0.064595540364583 0.00262451171875 0 0.00042724609375 0.047078450520833 0.064839680989583 0.0015665690104167 0 2.0345052083333E-5 0.00016276041666667 0.00052897135416667 0 0 0 0 0.0020548502604167 2.0345052083333E-5 0 0 0.0018310546875 0.0095418294270833 0.042582194010417 0.00030517578125 0 0.0001220703125 0.022928873697917 0.0806884765625
0 1
0.0968017578125 0.0025634765625 0 0 0.021809895833333 0.0059000651041667 0 0 0 0 0 0 0 0 0 0 0.052327473958333 0 0 0 0.11063639322917 0.14719645182292 0.0024007161458333 0 0 0.0032145182291667 0.0035196940104167 0 0 0 0 0 0 0 0 0 0.029947916666667 0.068766276041667 2.0345052083333E-5 0 0.00038655598958333 0.19514973958333 0.17366536458333 0 0 0 0.00020345052083333 4.0690104166667E-5 0 0 0 0 0 4.0690104166667E-5 0 0 4.0690104166667E-5 0.024068196614583 0.050048828125 0 0 0 0.0073445638020833 0.00390625
0 1
0.17488606770833 2.0345052083333E-5 0 0 0.011128743489583 2.0345052083333E-5 0 0 0 0 0 0 0 0 0 0 0.030537923177083 0 0 0 0.075459798177083 0.055643717447917 0.0001220703125 0 0.0013020833333333 0.00077311197916667 8.1380208333333E-5 0 0 0 0 0 0 0 0 0 0.09796142578125 0.073404947916667 2.0345052083333E-5 0 0.014567057291667 0.11704508463542 0.085103352864583 0 0 0 4.0690104166667E-5 0 0 0 0 0 0.0001220703125 2.0345052083333E-5 0 0 0.0024820963541667 0.056844075520833 0.042439778645833 0 0 0.00065104166666667 0.075968424479167 0.083353678385417
0 1
0.1522216796875 0.00028483072916667 0 0 0.021748860677083 0 0 0 0 0 0 0 0 0 0 0 0.0067545572916667 0.0012003580729167 0 0 0.022115071614583 0.03570556640625 0.0001220703125 0 4.0690104166667E-5 0.00040690104166667 2.0345052083333E-5 0 0 0 0 0 0.00059000651041667 0 0 0 0.0072835286458333 0.073527018229167 0.00050862630208333 0 0.0003662109375 0.1024169921875 0.16438802083333 0.002685546875 0 0 0.00010172526041667 0.00052897135416667 0 0 0 0 0 6.103515625E-5 0 0 0 0.014200846354167 0.1605224609375 0.00201416015625 0 0.0014851888020833 0.091776529947917 0.13692220052083
0 1
0.1259765625 0 0 0 0 0 0 0 0 0 0 0 0 0 0 0 0.1505126953125 0 0 0 0.12628173828125 0.0050048828125 0 0 0 0 0 0 0 0 0 0 0.0012613932291667 0 0 0 0.1170654296875 0.089823404947917 0 0 0.0066324869791667 0.089375813802083 0 0 0 0 0 0 0 0 0 0 0.0062662760416667 0.014383951822917 0 0 0.0067545572916667 0.22271728515625 0.033772786458333 0 0 0 0.003662109375 0.00050862630208333
0 1
0.0015055338541667 0 0 0 0 2.0345052083333E-5 0 0 0 0 0 0 0 0 0 0 0.0031941731770833 0.00030517578125 0 0 0.0042521158854167 0.028645833333333 0.0042317708333333 0 0 0.0001220703125 0.0011393229166667 0 0 0 0 0 0.00059000651041667 2.0345052083333E-5 0 0 0.0082194010416667 0.076883951822917 0.0058390299479167 0 0.00093587239583333 0.2454833984375 0.31943766276042 0.00040690104166667 0 0 0 0 0 0 0 0 2.0345052083333E-5 0.00054931640625 0 0 0.0031941731770833 0.0177001953125 0.14912923177083 0.00077311197916667 0 0 0.022969563802083 0.10443115234375
0 1
0.39211018880208 0.0018310546875 0 0 0 0.00048828125 0 0 0 0 0 0 0 0 0 0 0.11647542317708 0.0017496744791667 0 0 0.046590169270833 0.15799967447917 0.0018717447916667 0 0 0 0.0008544921875 0 0 0 0 0 0.0026652018229167 0 0 0 0.0046590169270833 0.082377115885417 0.00054931640625 0 0.0022176106770833 0.027119954427083 0.036356608072917 0.0025431315104167 0 0 2.0345052083333E-5 0.0010986328125 0 0 0 0 0 0.00042724609375 0 0 0 0.015889485677083 0.02557373046875 0.00069173177083333 0 0.00067138671875 0.013468424479167 0.063700358072917
0 1
0.41556803385417 0.0060017903645833 0 0 0 0.00032552083333333 0 0 0 0 0 0 0 0 0 0 0.148681640625 0.0080769856770833 0 0 0.014933268229167 0.0396728515625 0.0020548502604167 0 0.00010172526041667 0.00010172526041667 0.00046793619791667 0 0 0 0 0 0.0016682942708333 8.1380208333333E-5 0 0 0.01055908203125 0.047648111979167 0.0016886393229167 0 0.00018310546875 0.040262858072917 0.080179850260417 0.0055135091145833 0 0 2.0345052083333E-5 0.00372314453125 0 0 0 0 0.0026041666666667 8.1380208333333E-5 0 0 0.0019124348958333 0.00616455078125 0.047281901041667 0.00067138671875 0 0 0.019124348958333 0.094645182291667
0 1
0.41339111328125 0.010416666666667 0 0 0.021484375 0.00335693359375 0 0 2.0345052083333E-5 0 0 0 0 0 0 0 0.051595052083333 0.00020345052083333 0 0 0.048014322916667 0.018330891927083 0.00665283203125 0 0.00372314453125 0.0030110677083333 0.00390625 0.00059000651041667 0 0 0 0 0.00069173177083333 0 0 0 0.068196614583333 0.08905029296875 0.0001220703125 0 0.0014444986979167 0.080362955729167 0.011128743489583 0.0053507486979167 0 0.00128173828125 0.0010986328125 0.0013427734375 0 0 0 0 0.0010986328125 0.00146484375 0 0 0 0.02874755859375 0.047139485677083 4.0690104166667E-5 0 0.0017293294270833 0.0380859375 0.03692626953125
0 1
0.033833821614583 2.0345052083333E-5 0 0 0.0023396809895833 0 0 0 0 0 0 0 0 0 0 0 0.0091959635416667 4.0690104166667E-5 0 0 0.04437255859375 0.02294921875 4.0690104166667E-5 0 0.0079142252604167 0.001953125 6.103515625E-5 0 0 0 0 0 0.0074462890625 0 0 0 0.041585286458333 0.027079264322917 0.00014241536458333 0 0.011088053385417 0.067464192708333 0.1077880859375 6.103515625E-5 0 4.0690104166667E-5 0.0001220703125 0 0.00579833984375 0 0 0 0.0059407552083333 0.013834635416667 2.0345052083333E-5 0 0.0013427734375 0.03009033203125 0.12599690755208 0.0013020833333333 0 0.00018310546875 0.11871337890625 0.31123860677083
0 1
0.21531168619792 0.0034586588541667 0 0 0.00071207682291667 0.000732421875 0 0 0 0 0 0 0 0 0 0 0.11016845703125 0.0016276041666667 0 0 0.085530598958333 0.042521158854167 0.022745768229167 0.00020345052083333 0.0069173177083333 0.00050862630208333 0.00775146484375 0.010518391927083 0 0 0 0 0.0067138671875 0 0 0 0.093282063802083 0.042948404947917 0.00016276041666667 0 0.02606201171875 0.049763997395833 0.025288899739583 0.039225260416667 0.00042724609375 0.0069173177083333 0.00152587890625 0.0016886393229167 0 0 0 0 0.0075276692708333 0.0022989908854167 0 0 0.012776692708333 0.070902506510417 0.0069376627604167 0.00034586588541667 0.0010172526041667 0.0145263671875 0.0347900390625 0.046162923177083
0 1
0.11517333984375 6.103515625E-5 0 0 0.0021769205729167 0.00030517578125 0 0 0 0 0 0 0 0 0 0 0.19085693359375 0.0001220703125 0 0 0.043070475260417 0.013427734375 0.00128173828125 0 0 4.0690104166667E-5 0.00018310546875 0 0 0 0 0 0.0032755533854167 0 0 0 0.13559977213542 0.036824544270833 0.00081380208333333 0 0.008056640625 0.0399169921875 0.055623372395833 0.00244140625 0 0 0 8.1380208333333E-5 0 0 0 0 0.0045369466145833 0.00028483072916667 0 0 0.01611328125 0.090311686197917 0.12611897786458 0.00050862630208333 0 0 0.04815673828125 0.06463623046875
0 1
0.13545735677083 0 0 0 0.0003662109375 0 0 0 0 0 0 0 0 0 0 0 0.0071207682291667 2.0345052083333E-5 0 0 0.024943033854167 0.01715087890625 0 0 8.1380208333333E-5 2.0345052083333E-5 0 0 0 0 0 0 0.00081380208333333 0 0 0 0.046366373697917 0.095540364583333 0 0 0.00014241536458333 0.103515625 0.0097859700520833 0 0 0 0 0 0 0 0 0 0.00030517578125 0.00164794921875 0 0 4.0690104166667E-5 0.20680745442708 0.21417236328125 0 0 0.00028483072916667 0.091837565104167 0.0435791015625
0 1
0.31532796223958 0.00034586588541667 0 0 0.0027669270833333 0.0010579427083333 0 0 0 0 0 0 0 0 0 0 0.059346516927083 0 0 0 0.26536051432292 0.0982666015625 6.103515625E-5 0 4.0690104166667E-5 8.1380208333333E-5 0.00010172526041667 0 0 0 0 0 0 0 0 0 0.092875162760417 0.077880859375 0 0 0.0058390299479167 0.06890869140625 0.0055135091145833 2.0345052083333E-5 0 0 0 0 0 0 0 0 0 0 0 0 4.0690104166667E-5 0.0037027994791667 0.0019734700520833 0 0 0 0.0001220703125 0.0003662109375
1 0
0.35019938151042 0.0097249348958333 0 0 0.018269856770833 0.014058430989583 2.0345052083333E-5 0 0 0 0 0 0 0 0 0 0.015787760416667 0.0012003580729167 0 0 0.069600423177083 0.17500813802083 0.014811197916667 0 0.00044759114583333 0.0068155924479167 0.028035481770833 2.0345052083333E-5 0 0 0 0 0.00518798828125 0.00059000651041667 0 0 0.00020345052083333 0.027852376302083 0.0014851888020833 0 2.0345052083333E-5 0.0322265625 0.13163248697917 0.0101318359375 0 0 0.0031941731770833 0.00335693359375 0 0 0 0 0 0.00065104166666667 2.0345052083333E-5 0 0 0.0017903645833333 0.020365397135417 0.00069173177083333 0 0 0.011474609375 0.045125325520833
1 0
0.43686930338542 4.0690104166667E-5 0 0 6.103515625E-5 2.0345052083333E-5 0 0 0 0 0 0 0 0 0 0 0.14536539713542 0.00071207682291667 0 0 0.049072265625 0.021240234375 0 0 0 0 0 0 0 0 0 0 0.00677490234375 0 0 0 0.12052408854167 0.063008626302083 8.1380208333333E-5 0 0.0001220703125 0.025838216145833 0.0060831705729167 0 0 0 0 0 0 0 0 0 0 0.0013631184895833 0 0 0 0.021199544270833 0.035013834635417 0 0 6.103515625E-5 0.034403483072917 0.032145182291667
1 0
0.16652425130208 0.00010172526041667 0 0 0.0003662109375 8.1380208333333E-5 0.00044759114583333 0.0018310546875 0.0010579427083333 0 0 0.00020345052083333 6.103515625E-5 0 0 0.00038655598958333 0.20631917317708 0.00063069661458333 0 0 0.0080362955729167 0.01007080078125 0.00469970703125 0.00189208984375 0.0050862630208333 0.0020345052083333 0.00189208984375 0.00201416015625 0.0027669270833333 0.00046793619791667 0.00046793619791667 0.000732421875 0.05230712890625 0.00018310546875 0 0 0.099833170572917 0.023152669270833 0.0016682942708333 0 0.0059407552083333 0.00787353515625 0.017903645833333 0.0042928059895833 0.0010782877604167 0.00048828125 0.00052897135416667 0.00360107421875 0.014973958333333 0 0 0 0.068379720052083 0.0041910807291667 0.00016276041666667 0 0.072184244791667 0.015116373697917 0.00921630859375 0.00040690104166667 0.017923990885417 0.016337076822917 0.024332682291667 0.1197509765625
1 0
0.47696940104167 0.0055745442708333 0 0 0.00030517578125 0.007080078125 4.0690104166667E-5 0 0 0 0 0 0 0 0 0 0.087992350260417 0.00020345052083333 0 0 0.028483072916667 0.038736979166667 0.0032145182291667 0 0 6.103515625E-5 0.00030517578125 0 0 0 0 0 0.018880208333333 2.0345052083333E-5 0 0 0.0794677734375 0.01458740234375 0.0012613932291667 0 0.0013020833333333 0.014404296875 0.010294596354167 0.00054931640625 0 0.00014241536458333 2.0345052083333E-5 0 0.0128173828125 2.0345052083333E-5 0 0 0.01068115234375 0.00439453125 6.103515625E-5 0 0.010721842447917 0.08697509765625 0.029459635416667 0.00046793619791667 0 0.0029500325520833 0.025431315104167 0.026123046875
1 0
0.0426025390625 0 0 0 0 0 0 0 0 0 0 0 0 0 0 0 0.060587565104167 0 0 0 0.04486083984375 0.00052897135416667 0 0 0 0 0 0 0 0 0 0 0.0081990559895833 0 0 0 0.34836832682292 0.025777180989583 0 0 0.096171061197917 0.18768310546875 0.0085042317708333 0 0 2.0345052083333E-5 4.0690104166667E-5 0 0 0 0 0 0.0066731770833333 0.00077311197916667 0 0 0.00103759765625 0.12076822916667 0.034098307291667 0 0 0.0072835286458333 0.0058797200520833 0.00014241536458333
1 0
0.11749267578125 0.00042724609375 0 0 0.01898193359375 0.0009765625 0 0 4.0690104166667E-5 4.0690104166667E-5 0 0 0 0 0 0 0.12233479817708 0.01495361328125 0 0 0.03973388671875 0.026509602864583 0.00146484375 0 0.00323486328125 0.0022379557291667 0.00022379557291667 0 0 0 0 0 0.0098470052083333 0.00038655598958333 0 0 0.054361979166667 0.078287760416667 0.025655110677083 0.00038655598958333 0.0010172526041667 0.01202392578125 0.032633463541667 0.046671549479167 4.0690104166667E-5 0.0012003580729167 0.001953125 0.0013631184895833 0.0043131510416667 0.00069173177083333 0 0 0.0058390299479167 0.0032145182291667 0.0066324869791667 2.0345052083333E-5 0.0017496744791667 0.0084025065104167 0.037923177083333 0.072184244791667 0 0.000244140625 0.0030517578125 0.24125162760417
1 0
0.11277262369792 0.019429524739583 0 0 0.01287841796875 0.0037841796875 0 0 0 0 0 0 0 0 0 0 0.059468587239583 0.015482584635417 0 0 0.030537923177083 0.2132568359375 0.00201416015625 0 0 0.023539225260417 0.00146484375 0 0 0 0 0 0 0 0 0 4.0690104166667E-5 0.02459716796875 6.103515625E-5 0 0 0.1856689453125 0.253173828125 0.0003662109375 0 0 0.012288411458333 0.0052286783854167 0 0 0 0 0 0 0 0 0 0 0.00038655598958333 0 0 0 0.0036824544270833 0.019877115885417
1 0
0.47039794921875 0.0066731770833333 0 0 0.0076497395833333 0.00408935546875 0 0 0 0 2.0345052083333E-5 0 0 0 0 0 0.071390787760417 0.00030517578125 0 0 0.10955810546875 0.068115234375 0.0016886393229167 0 4.0690104166667E-5 0.00040690104166667 0.0058390299479167 8.1380208333333E-5 0 0 0 0 0.00022379557291667 0 0 0 0.049357096354167 0.062255859375 0.00042724609375 0 0.0018107096354167 0.056599934895833 0.061543782552083 0.00022379557291667 0 0 6.103515625E-5 8.1380208333333E-5 0 0 0 0 0 0 0 0 0 0.0016072591145833 0.016153971354167 0 0 0 0.0018513997395833 0.0015462239583333
1 0
0.12953694661458 0.0037027994791667 0 0 0.0006103515625 0.0085042317708333 0 0 0 0 0 0 0 0 0 0 0.0914306640625 0.00028483072916667 0 0 0.10414632161458 0.19189453125 0.00146484375 0 0.00653076171875 0.00421142578125 0.0057373046875 0 0 0 0 0 0.010599772135417 0 0 0 0.048929850260417 0.064066569010417 0.00034586588541667 0 0.031778971354167 0.062642415364583 0.13625081380208 0.0016072591145833 0 0.00152587890625 0.0027669270833333 0.013346354166667 0 0 0 0 0.0017496744791667 0 0 0 0.0038045247395833 0.0093180338541667 0.01702880859375 6.103515625E-5 0 0.00244140625 0.01385498046875 0.029825846354167
1 0
0.014485677083333 0 0 0 0 0 0 0 0 0 0 0 0 0 0 0 0.084716796875 2.0345052083333E-5 0 0 0.070902506510417 0.037394205729167 0.0006103515625 0 0 2.0345052083333E-5 0.00022379557291667 0 0 0 0 0 0.010213216145833 0 0 0 0.25626627604167 0.07568359375 0.00059000651041667 0 0.0013224283854167 0.077290852864583 0.13104248046875 0.00244140625 0 0 0.00044759114583333 0.00010172526041667 0 0 0 0 0.00020345052083333 0.0010579427083333 0 0 0 0.0016682942708333 0.1033935546875 0.0046183268229167 0 0 0.0289306640625 0.096354166666667
1 0
0.14725748697917 0.00030517578125 0 0 0.01202392578125 6.103515625E-5 0 0 0 0 0 0 0 0 0 0 0.14923095703125 0.00032552083333333 0 0 0.06756591796875 0.00909423828125 0.00054931640625 0 0 2.0345052083333E-5 6.103515625E-5 2.0345052083333E-5 0 0 0 0 0.0044148763020833 0 0 0 0.21097819010417 0.035196940104167 0.00016276041666667 0 2.0345052083333E-5 0.0224609375 0.03192138671875 0.0020548502604167 0 0 0 0.00022379557291667 0 0 0 0 0.00081380208333333 0.0013631184895833 0 0 0.00044759114583333 0.02679443359375 0.078837076822917 0.0014444986979167 0 0 0.06695556640625 0.12939453125
1 0
0.11875406901042 0.00067138671875 0 0 0.021993001302083 0.0033772786458333 0 0 0 0 0 0 0 0 0 0 0.025146484375 0.00016276041666667 0 0 0.078694661458333 0.099629720052083 0.00028483072916667 0 0 0.0030924479166667 0.0019124348958333 0 0 0 0 0 0 0 0 0 0.061238606770833 0.10565185546875 0 0 0.04766845703125 0.29667154947917 0.070515950520833 0 0 2.0345052083333E-5 0.00030517578125 0.00010172526041667 0 0 0 0 0 0 0 0 0.0044148763020833 0.0089518229166667 0.019022623697917 0 8.1380208333333E-5 0.00052897135416667 0.022257486979167 0.00885009765625
1 0
0.036458333333333 0 0 0 0.030131022135417 0 0 0 0 0 0 0 0 0 0 0 0.02569580078125 0 0 0 0.10548909505208 0.00970458984375 0 0 0.0038248697916667 0.001953125 0 0 0 0 0 0 0.0001220703125 2.0345052083333E-5 0 0 0.15478515625 0.031697591145833 0 0 0.084615071614583 0.121826171875 0.0404052734375 0 0 4.0690104166667E-5 0.0003662109375 0 0 0 0 0 0.00213623046875 0 0 0 0.0096435546875 0.042765299479167 0.045633951822917 0 0 8.1380208333333E-5 0.045267740885417 0.20733642578125
1 0
0.43666585286458 0.004150390625 0 0 0.027323404947917 0.00396728515625 0.00079345703125 0 2.0345052083333E-5 0 0 0 0 0 0 0 0.028096516927083 0.00091552734375 0 0 0.0684814453125 0.041402180989583 0.00323486328125 2.0345052083333E-5 0.0021769205729167 0.0084635416666667 0.0047403971354167 0.00103759765625 0 0 0 0 0.0012003580729167 0 0 0 0.08984375 0.0704345703125 0.00018310546875 0 0.0008544921875 0.051188151041667 0.062906901041667 0.0062662760416667 0 0 0.00213623046875 0.00286865234375 0 0 0 0 8.1380208333333E-5 0.0001220703125 0 0 0.012125651041667 0.010904947916667 0.021036783854167 0.00044759114583333 6.103515625E-5 0.00099690755208333 0.013997395833333 0.020853678385417
1 0
0.42063395182292 0 0 0 0.00201416015625 0 0 0 0 0 0 0 0 0 0 0 0.039204915364583 0 0 0 0.219970703125 0.015462239583333 4.0690104166667E-5 0 0.0045369466145833 0.0060831705729167 0 0 0 0 0 0 0 0 0 0 0.10270182291667 0.018086751302083 0 0 0.013692220052083 0.10542805989583 0.023661295572917 0 0 0.00063069661458333 0.0034383138020833 6.103515625E-5 0 0 0 0 0 0 0 0 0 0.0022989908854167 0.0012410481770833 0 0 0.00044759114583333 0.017740885416667 0.00262451171875
1 0
0.00469970703125 0 0 0 0.00020345052083333 0 0 0 0 0 0 0 0 0 0 0 0.032470703125 0 0 0 0.10829671223958 0.0077921549479167 0 0 0.0019734700520833 0.00046793619791667 0 0 0 0 0 0 0.0001220703125 0 0 0 0.19573974609375 0.065714518229167 0 0 0.02880859375 0.18389892578125 0.13962809244792 0 0 0.00077311197916667 6.103515625E-5 0 0 0 0 0 0 0 0 0 0.00050862630208333 0.017862955729167 0.056131998697917 8.1380208333333E-5 0 0.0024210611979167 0.086446126302083 0.065897623697917
1 0
0.032999674479167 0 0 0 0.015055338541667 0 0 0 0 0 0 0 0 0 0 0 0.04010009765625 0 0 0 0.17289225260417 0.0087687174479167 0 0 0.00701904296875 0.0030517578125 0 0 0 0 0 0 0 0 0 0 0.231689453125 0.05364990234375 0 0 0.015279134114583 0.19051106770833 0.019429524739583 0 0 0.0016072591145833 0.0025227864583333 0 0 0 0 0 0 0 0 0 0.0022176106770833 0.0205078125 0.016031901041667 0 0 0.011922200520833 0.032979329427083 0.12176513671875
1 0
0.40244547526042 0.0067952473958333 0 0 0.00046793619791667 0.0081583658854167 0.000244140625 0 0 0 0 0 0 0 0 0 0.1116943359375 0.0010782877604167 0 0 0.11391194661458 0.078877766927083 0.0078531901041667 0 0.00069173177083333 0.0038859049479167 0.0045979817708333 0.00032552083333333 0 0 0 0 0 0 0 0 0.031209309895833 0.038004557291667 0.00020345052083333 0 0.00083414713541667 0.05859375 0.09197998046875 0.0030314127604167 0 2.0345052083333E-5 0.0021158854166667 0.0046793619791667 0 0 0 0 0 0 0 0 0 0 0.00095621744791667 0.0001220703125 0 0 0.0011189778645833 0.026102701822917
1 0
0.11385091145833 0 0 0 0.0017293294270833 0 0 0 0 0 0 0 0 0 0 0 0.061991373697917 0.00032552083333333 0 0 0.10595703125 0.0172119140625 0 0 0.0054524739583333 2.0345052083333E-5 0 0 0 0 0 0 6.103515625E-5 0 0 0 0.080973307291667 0.019612630208333 0 0 0.032389322916667 0.013163248697917 0.00030517578125 0 0.0001220703125 0.00034586588541667 0 0 0 0 0 0 0.016133626302083 0.00052897135416667 0 0 0.16135660807292 0.063395182291667 0.0033976236979167 0 0.037150065104167 0.10249837239583 0.12176513671875 0.040262858072917
1 0
0.024739583333333 0 0 0 0.0030924479166667 0 0 0 0 0 0 0 0 0 0 0 0.093607584635417 0 0 0 0.2613525390625 0.00408935546875 0.00433349609375 0 0.0066324869791667 0.0014444986979167 0.0060628255208333 0.00028483072916667 0 0 0 0 2.0345052083333E-5 0 0 0 0.22007242838542 0.0133056640625 0 0 0.0426025390625 0.070943196614583 0.0306396484375 0.00482177734375 0 4.0690104166667E-5 0.00095621744791667 0.0020345052083333 0 0 0 0 0.0001220703125 0.00056966145833333 0 0 0.034871419270833 0.0362548828125 0.0093180338541667 6.103515625E-5 0.0069783528645833 0.020406087239583 0.04248046875 0.057861328125
1 0
0.17266845703125 0.0010172526041667 0 0 0.0061442057291667 0.0010579427083333 0 0 0 0 0 0 0 0 0 0 0.051228841145833 0.00087483723958333 0 0 0.1300048828125 0.04144287109375 0.0006103515625 0 0 0.00028483072916667 0.00093587239583333 0 0 0 0 0 0 0 0 0 0.084004720052083 0.10929361979167 0.0001220703125 0 0.01177978515625 0.18479410807292 0.073588053385417 0.00071207682291667 0 0 6.103515625E-5 0.0011800130208333 0 0 0 0 0.00040690104166667 0.00014241536458333 0 0 0.011494954427083 0.054280598958333 0.037638346354167 4.0690104166667E-5 0 4.0690104166667E-5 0.010986328125 0.013163248697917
1 0
0.08245849609375 0.0091349283854167 0 0 0.0055745442708333 0.0039876302083333 0 0 0 0 0 0 0 0 0 0 0.023701985677083 0.00335693359375 0 0 0.082987467447917 0.1278076171875 0.0067545572916667 0 4.0690104166667E-5 0.0086263020833333 0.01873779296875 2.0345052083333E-5 0 0 0 0 0.0022989908854167 0 0 0 0.041971842447917 0.12225341796875 0.00071207682291667 0 0.00408935546875 0.056966145833333 0.1748046875 0.047953287760417 0 8.1380208333333E-5 0.0016886393229167 0.09356689453125 0 0 0 0 0 0 0 0 2.0345052083333E-5 0.00063069661458333 0.017598470052083 0.0013224283854167 0 2.0345052083333E-5 0.0089518229166667 0.0518798828125
1 0
0.18153889973958 0.0020548502604167 0.0063883463541667 0 0.009521484375 8.1380208333333E-5 0.0017293294270833 0 0 0 0 0 0 0 0 0 0.14857991536458 0.00026448567708333 0 0 0.11539713541667 0.00738525390625 0.0041707356770833 0.00030517578125 0.029683430989583 0.0034993489583333 0.00056966145833333 0.00034586588541667 0 0 0 0 0.0033976236979167 0 0 0 0.11920166015625 0.032552083333333 4.0690104166667E-5 0 0.02423095703125 0.053426106770833 0.01031494140625 0.00299072265625 0 0.00046793619791667 0.00030517578125 0.00032552083333333 0 0 0 0 0.0018107096354167 0.0093994140625 0 0 0.0061848958333333 0.014933268229167 0.0379638671875 0.0001220703125 0.00059000651041667 0.0130615234375 0.058207194010417 0.098958333333333
1 0
0.103515625 0.00026448567708333 0 0 0.022603352864583 0.0051472981770833 0 0 0 0 0 0 0 0 0 0 0.182373046875 0.0064697265625 0 0 0.046162923177083 0.120361328125 0.00020345052083333 0 0 0.00095621744791667 0.0008544921875 0 0 0 0 0 2.0345052083333E-5 0 0 0 0.001953125 0.12632242838542 0.0018310546875 0 0 0.082784016927083 0.10194905598958 0.00026448567708333 0 0 0 0 0 0 0 0 0 0 0 0 0 0.013834635416667 0.0323486328125 0.00022379557291667 0 0.0015055338541667 0.062947591145833 0.085103352864583
1 0
0.2686767578125 0.011617024739583 0 0 4.0690104166667E-5 0.026875813802083 0.00010172526041667 0 0 0 0 0 0 0 0 0 0.0090738932291667 0.00020345052083333 0 0 0.015421549479167 0.0482177734375 0.0031331380208333 0 0.0001220703125 0.00010172526041667 0.00028483072916667 0 0 0 0 0 0.0011800130208333 0 0 0 0.17486572265625 0.00390625 0.00020345052083333 0 0.034993489583333 0.0560302734375 0.01422119140625 0.00083414713541667 0 8.1380208333333E-5 2.0345052083333E-5 4.0690104166667E-5 0 0 0 0 0.0041910807291667 0 0 0 0.03753662109375 0.041300455729167 0.039510091145833 0.00034586588541667 0 0.0026448567708333 0.07879638671875 0.12542724609375
1 0
0.094523111979167 0.0051676432291667 0 0 0.00016276041666667 0.0049845377604167 0.00201416015625 0 0 0 0 0 0 0 0 0 0.14046223958333 0.00081380208333333 0 0 0.068745930989583 0.030965169270833 0.00897216796875 0 2.0345052083333E-5 0.00044759114583333 0.0058186848958333 0.0015665690104167 0 0 0 0 0.12701416015625 0.00065104166666667 0 0 0.10963948567708 0.096089680989583 0.00026448567708333 0 0.00177001953125 0.14534505208333 0.11098225911458 0.0016886393229167 0 0 0.00095621744791667 0.0015665690104167 0 0 0 0 0.00022379557291667 0.0011393229166667 0 0 0.00030517578125 0.0065714518229167 0.016337076822917 2.0345052083333E-5 0 0.0001220703125 0.0068562825520833 0.0077921549479167
1 0
0.26393636067708 0.0018513997395833 0 0 0.0071614583333333 0.0018310546875 0 0 0 0 0 0 0 0 0 0 0.11997477213542 2.0345052083333E-5 0 0 0.094380696614583 0.12795003255208 0.00065104166666667 0 0 0.0055948893229167 0.003662109375 0 0 0 0 0 0 0 0 0 0.0166015625 0.021769205729167 0 0 0.0029500325520833 0.045552571614583 0.2547607421875 0.00089518229166667 0 0 0.0051066080729167 0.0010782877604167 0 0 0 0 0.00071207682291667 2.0345052083333E-5 0 0 0.00140380859375 0.0049235026041667 0.0059611002604167 0 0 0 0.0068562825520833 0.00439453125
1 0
0.52901204427083 0.014322916666667 0 0 0.00014241536458333 0.0057576497395833 0 0 0 0 0 0 0 0 0 0 0.049906412760417 0.00014241536458333 0 0 0.041259765625 0.060587565104167 0.0025838216145833 0 6.103515625E-5 0.00016276041666667 0.00046793619791667 0 0 0 0 0 0.00083414713541667 0 0 0 0.097574869791667 0.040812174479167 4.0690104166667E-5 0 0.00213623046875 0.027425130208333 0.012674967447917 0.00018310546875 0 0 0 0 0 0 0 0 0.0068155924479167 0.0063273111979167 0 0 0.015869140625 0.0615234375 0.00726318359375 0 0.001708984375 0.00738525390625 0.0024820963541667 0.0045369466145833
1 0
0.32564290364583 0.0046793619791667 0 0 0.0030924479166667 0.006591796875 0.00022379557291667 0 0 0 0 0 0 0 0 0 0.036031087239583 0.00018310546875 0 0 0.15533447265625 0.02618408203125 0.0029500325520833 6.103515625E-5 0 0.00016276041666667 0.001708984375 0.00020345052083333 0 0 0 0 0 0 0 0 0.13893636067708 0.0943603515625 0.000244140625 0 0.020650227864583 0.083109537760417 0.0223388671875 0.0011393229166667 0 0 0 4.0690104166667E-5 0 0 0 0 0.0021565755208333 0 0 0 0.026204427083333 0.010111490885417 0.021586100260417 0.00030517578125 0 4.0690104166667E-5 0.013142903645833 0.0025838216145833
1 0
0.38134765625 0.014933268229167 0 0 4.0690104166667E-5 0.011393229166667 0.00010172526041667 0 0 0 0 0 0 0 0 0 0.061014811197917 0.00408935546875 0 0 0.042867024739583 0.12038167317708 0.021993001302083 0 0.00081380208333333 0.00099690755208333 0.0152587890625 2.0345052083333E-5 0 0 0 0 0.0001220703125 0 0 0 0.028910319010417 0.054402669270833 0.0032552083333333 0 0.00213623046875 0.068277994791667 0.10115559895833 0.00848388671875 0 2.0345052083333E-5 0.0019938151041667 0.0087687174479167 0 0 0 0 6.103515625E-5 2.0345052083333E-5 0 0 0 0.00069173177083333 0.0041910807291667 0.00026448567708333 0 6.103515625E-5 0.0081583658854167 0.033772786458333
1 0
0.69047037760417 0.0013020833333333 0 0 0.00079345703125 0.0009765625 0 0 0 0 0 0 0 0 0 0 0.049173990885417 0.00069173177083333 0 0 0.018717447916667 0.013387044270833 0.00020345052083333 0 0 0.00016276041666667 6.103515625E-5 0 0 0 0 0 0.0032145182291667 0 0 0 0.076761881510417 0.026631673177083 0 0 0.000244140625 0.015665690104167 0.0069173177083333 0.00010172526041667 0 0 0.00014241536458333 2.0345052083333E-5 0 0 0 0 0.011617024739583 0.0024820963541667 0 0 0.0037027994791667 0.030192057291667 0.0133056640625 0 0 0.00038655598958333 0.0159912109375 0.016682942708333
1 0
0.37013753255208 4.0690104166667E-5 0 0 0.00347900390625 0.0003662109375 0 0 0 0 0 0 0 0 0 0 0.1470947265625 0 0 0 0.072123209635417 0.029337565104167 0.00016276041666667 0 6.103515625E-5 0.00640869140625 0.00010172526041667 0 0 0 0 0 0.01751708984375 0 0 0 0.11759440104167 0.03216552734375 0 0 0.0058390299479167 0.0858154296875 0.025146484375 8.1380208333333E-5 0 2.0345052083333E-5 0.0031534830729167 0.0021158854166667 0 0 0 0 0.0008544921875 0.00020345052083333 0 0 0.0071614583333333 0.0152587890625 0.019816080729167 0 0 0.0030721028645833 0.019266764322917 0.015604654947917
1 0
0.091105143229167 0.0063069661458333 0 0 0.00091552734375 0.00095621744791667 0 0 0 0 0 0 0 0 0 0 0.07647705078125 0.0069376627604167 0 0 0.052144368489583 0.031229654947917 0.00052897135416667 0 0 6.103515625E-5 0.00010172526041667 0.00010172526041667 0 0 0 0 0.025919596354167 0 0 0 0.15838623046875 0.0369873046875 0.0015665690104167 0 0.00010172526041667 0.03192138671875 0.03680419921875 0.0064697265625 0 0 0 0.020528157552083 0 0 0 0 0.0262451171875 0.0038248697916667 0 0 0.0255126953125 0.1268310546875 0.073038736979167 0.0020345052083333 0 0.0022786458333333 0.0662841796875 0.088399251302083
1 0
0.3572998046875 0 0 0 6.103515625E-5 0 0 0 0 0 0 0 0 0 0 0 0.14959716796875 0 0 0 0.062337239583333 0.0097452799479167 0 0 0 0 0 0 0 0 0 0 0.048828125 0 0 0 0.1861572265625 0.031941731770833 0 0 0.00390625 0.04998779296875 0.0078938802083333 0 0 0 0 0 0 0 0 0 0.0076700846354167 0.0010782877604167 0 0 0.0068359375 0.024169921875 0.015096028645833 0 0 0.00018310546875 0.029947916666667 0.00726318359375
1 0
0.36330159505208 0 0 0 0 0 0 0 0 0 0 0 0 0 0 0 0.20045979817708 0 0 0 0.13490804036458 0.014180501302083 0 0 0 0 0 0 0 0 0 0 0.0055745442708333 0 0 0 0.13507080078125 0.042887369791667 0 0 0.00071207682291667 0.071044921875 0.013448079427083 0 0 0 0 0 0 0 0 0 0 0 0 0 0 0.0010172526041667 0.017069498697917 0 0 0 0.00016276041666667 0.00016276041666667
1 0
0.0024617513020833 0 0 0 0 0 0 0 0 0 0 0 0 0 0 0 0.071126302083333 6.103515625E-5 0 0 0.16621907552083 0.081258138020833 0.029398600260417 0 0 0 0.00408935546875 0 0 0 0 0 0.0056559244791667 0 0 0 0.0416259765625 0.14402262369792 0.00020345052083333 0 0 0.0694580078125 0.20265706380208 0.023091634114583 0 0 6.103515625E-5 0.0018310546875 0 0 0 0 0 0 0 0 0 0 0.00095621744791667 0.0055745442708333 0 0 0.0013427734375 0.14890543619792
1 0
0.0019938151041667 0 0 0 0 0 0 0 0 0 0 0 0 0 0 0 0.11716715494792 0 0 0 0.2645263671875 0.0028279622395833 0.00028483072916667 0 0.000732421875 0.00040690104166667 0.0025634765625 4.0690104166667E-5 0 0 0 0 0.00274658203125 0 0 0 0.2315673828125 0.053080240885417 0 0 0.01702880859375 0.11004638671875 0.027486165364583 0.0060831705729167 0 0.0001220703125 0.00077311197916667 0.0025634765625 0 0 0 0 0.00056966145833333 0.0003662109375 0 0 0.016316731770833 0.029276529947917 0.017659505208333 0 0.0027058919270833 0.0082194010416667 0.049723307291667 0.033121744791667
1 0
0.34366861979167 0.00022379557291667 0 0 0.0041910807291667 0.0001220703125 0 0 0 0 0 0 0 0 0 0 0.024312337239583 0.00040690104166667 0 0 0.022664388020833 0.13728841145833 0.00014241536458333 0 0 0.0017496744791667 0.0046793619791667 0 0 0 0 0 0 0 0 0 0.0023396809895833 0.027913411458333 4.0690104166667E-5 0 0.00044759114583333 0.094930013020833 0.099568684895833 0.0039265950520833 0 0 0.00016276041666667 0.0016886393229167 0 0 0 0 0.002685546875 0 0 0 0.0037434895833333 0.043924967447917 0.0751953125 4.0690104166667E-5 0.00040690104166667 0.0046590169270833 0.032328287760417 0.066548665364583
1 0
0.32613118489583 0.0025227864583333 8.1380208333333E-5 0 0.058634440104167 0.0048014322916667 0.00103759765625 0 0.00020345052083333 0.00056966145833333 0 0 0 0 0 0 0.05621337890625 0.00099690755208333 0 0 0.088419596354167 0.029256184895833 0.00286865234375 0.0003662109375 0.027608235677083 0.035909016927083 0.015625 0.0025838216145833 4.0690104166667E-5 0.000244140625 0.00020345052083333 0.016764322916667 4.0690104166667E-5 0 0 0 0.00830078125 0.0167236328125 0.0001220703125 0 0.00244140625 0.042643229166667 0.029439290364583 0.0055948893229167 6.103515625E-5 0.0023193359375 0.00897216796875 0.046793619791667 0 0 0 0 0 0 0 0 0.00054931640625 0.0044759114583333 0.0050048828125 0.0010986328125 0.0010579427083333 0.0025634765625 0.032877604166667 0.11783854166667
1 0
